[[1]]
[1] 1

[[2]]
[1] 1

[[3]]
[1] 2

[[4]]
[1] 2

[[5]]
[1] 3

[[6]]
[1] 3

[[7]]
integer(0)

[[1]]
[1] 1

[[2]]
[1] 1

[[3]]
[1] 2

[[4]]
[1] 2

[[5]]
[1] 3

[[6]]
[1] 3

[[7]]
integer(0)

[[1]]
[1] 1

[[2]]
[1] 1

[[3]]
[1] 2

[[4]]
[1] 2

[[5]]
[1] 3

[[6]]
[1] 3

[[7]]
integer(0)

[[1]]
[1] 1

[[2]]
[1] 1

[[3]]
[1] 2

[[4]]
[1] 2

[[5]]
[1] 3

[[6]]
[1] 3

[[7]]
integer(0)

[[1]]
[1] 1

[[2]]
[1] 1

[[3]]
[1] 2

[[4]]
[1] 2

[[5]]
[1] 3

[[6]]
[1] 3

[[7]]
integer(0)

         Sample1   Sample2  Sample3  Sample4  Sample5  Sample6   Sample7
Gene1   9.943952 10.122408 19.89322 20.04265 4.930529 5.025332 0.6478935
Gene2   9.976982 10.035981 19.97820 19.97049 4.979208 4.997145 0.3198206
Gene3  10.155871 10.040077 19.89740 20.08951 4.873460 4.995713 0.3077200
Gene4  10.007051 10.011068 19.92711 20.08781 5.216896 5.136860 0.2197676
Gene5  10.012929  9.944416 19.93750 20.08216 5.120796 4.977423 0.3694889
Gene6  10.171506 10.178691 19.83133 20.06886 4.887689 5.151647 0.9842192
Gene7  10.046092 10.049785 20.08378 20.05539 4.959712 4.845125 0.1542023
Gene8   9.873494  9.803338 20.01534 19.99381 4.953334 5.058461 0.0910440
Gene9   9.931315 10.070136 19.88619 19.96940 5.077997 5.012385 0.1419069
Gene10  9.955434  9.952721 20.12538 19.96195 4.991663 5.021594 0.6900071
